
design_opt = [0.0559, 0.2689, 0, 0, 0.0261, 0.1594; ...
  0, 0, 0.3369, 1.6193, 0.1574, 0.9603; ...
  0.1145, 0.2475, 0.1145, 0.2475, 0.0260, 0.25]';

% optmal seed
% N = 21^2, seed 19
design_app =
            0          0.3      0.15017
            0          1.6      0.24804
          0.1            0      0.11501
          0.2          0.9         0.25
          0.3            0      0.23679
design_ex =
            0       0.3436            1
            0        0.345            1
            0       1.6457            1
            0       1.6466            1
        0.074            0            1
       0.1592       0.9568            1
       0.1596       0.9575            1
       0.1606       0.9568            1
       0.2681            0            1
       0.2685            0            1

% N = 31^2, seed 94
design_app =
            0      0.33333      0.16084
            0          1.6     0.088287
            0       1.6667      0.15908
     0.066667            0      0.09531
      0.13333            1      0.23436
          0.2      0.86667     0.016209
      0.26667            0      0.24592
design_ex =
            0       0.3333            1
            0       1.6183            1
            0       1.6206            1
       0.0556            0            1
       0.1579       0.9623            1
       0.1585       0.9586            1
       0.1592       0.9597            1
       0.1599       0.9599            1
        0.269            0            1
       0.2691            0            1
% N = 41^2, seed  12
design_app =
            0          0.3      0.20828
            0         1.65      0.24886
         0.05            0     0.044061
         0.15            1         0.25
         0.25            0       0.2488
design_ex =
            0       1.5894            1
            0       1.6056            1
       0.0241        0.174            1
       0.0328       0.1064            1
        0.161        0.971            1
       0.1611       0.9649            1
       0.1613       0.9558            1
       0.2662            0            1
       0.2666            0            1
       0.2695            0            1
% N = 51^2, seed 87
design_app =
            0         0.36     0.044132
            0          1.6      0.24865
         0.04         0.08      0.19853
         0.08            0    0.0098219
         0.16         0.96      0.24997
         0.28            0       0.2489
design_ex =
            0       1.6037            1
            0       1.6048            1
       0.0229       0.1685            1
       0.0291       0.1362            1
       0.1594       0.9659            1
         0.16       0.9666            1
       0.1613       0.9669            1
       0.2658            0            1
       0.2681            0            1
        0.269            0            1
% N = 81^2, seed 51
design_app =
            0         0.35     0.086135
            0          1.6      0.24754
         0.05        0.025      0.16814
         0.15        0.975      0.24999
        0.275            0      0.24819
design_ex =
            0       0.4464            1
            0       1.6173            1
            0       1.6188            1
       0.0569            0            1
       0.0573            0            1
       0.1591       0.9599            1
       0.1593       0.9587            1
       0.1595       0.9589            1
       0.2732            0            1
       0.2734            0            1