design_opt = [1, 0,0, 0.1758, 0.6049;...
  0, 0.7351, 0.2649, 0.1297, 0.4029; ...
  0.2493, 0.2465, 0.1033, 0.1517, 0.2492]';


% optmal seed
% N = 21^2, seed 11
design_app =
            0         0.25      0.12696
            0         0.75      0.24762
         0.15         0.15      0.12073
          0.4            0    0.0065759
          0.6          0.4      0.24918
            1            0      0.24892
design_ex = 
      0        0.271            1
            0       0.2717            1
            0       0.7464            2
       0.4085            0            1
        0.595       0.3976            1
       0.5966       0.3984            1
       0.5972       0.3959            1
            1            0            2

% N = 31^2, seed 100
design_app =
            0      0.26667     0.097634
            0      0.73333      0.24658
      0.16667      0.13333      0.15706
          0.6          0.4      0.24927
            1            0      0.24946
design_ex =
            0         0.27            1
            0       0.2705            1
            0       0.7458            1
            0       0.7459            1
       0.4097            0            1
       0.5942       0.3976            1
       0.5963       0.3978            1
       0.5964       0.3973            1
            1            0            2
% N = 41^2, seed  94
design_app =
            0         0.25     0.019587
            0        0.275      0.07192
            0        0.725      0.22216
            0         0.75     0.024031
        0.175        0.125      0.16359
          0.6          0.4      0.24932
            1            0      0.24939
design_ex =
            0       0.2698            1
            0       0.2709            1
            0       0.7457            1
            0        0.746            1
       0.4096            0            1
       0.5955       0.3982            1
       0.5961       0.3975            1
       0.5963       0.3978            1
            1            0            2
% N = 51^2, seed 70
design_app =
            0         0.26      0.10969
            0         0.74      0.24697
         0.16         0.14       0.1416
          0.4            0    0.0033395
          0.6          0.4      0.24921
            1            0      0.24918
design_ex =
            0       0.3204            1
            0       0.7348            1
            0       0.7353            1
       0.2066        0.104            1
       0.2091       0.1024            1
       0.6038       0.4047            1
       0.6041       0.4035            1
       0.6063       0.4038            1
            1            0            2
% N = 81^2, seed 20
design_app =
            0       0.2625      0.10946
            0       0.7375      0.24655
       0.1625       0.1375     0.052625
       0.1875        0.125     0.092888
          0.6          0.4     0.082118
       0.6125          0.4      0.16706
            1            0       0.2493
design_ex =
            0       0.2699            1
            0       0.2707            1
            0       0.7459            2
       0.4095            0            1
       0.5957       0.3977            1
       0.5961       0.3973            1
       0.5962       0.3975            1
            1            0            2